[0.00016180038452148437, 0.00016830205917358398, 0.00012955904006958007, 0.0002649998664855957, 0.0003673005104064941, 0.00032379150390625, 0.00018028020858764648, 0.0003153467178344727, 0.00024741172790527344, 0.0003475213050842285]
[0.016689460277557373, 0.021739628314971924, 0.014738209247589111, 0.10869549036026001, 0.21991217136383057, 0.20326483011245727, 0.033987829685211184, 0.13729691982269288, 0.08054093837738037, 0.2249108910560608]
[9.594202041625977e-05, 8.624315261840821e-05, 7.659912109375e-05, 0.00010411977767944335, 0.00010893106460571289, 9.577989578247071e-05, 8.64267349243164e-05, 0.00012207746505737304, 7.886171340942382e-05, 9.840965270996094e-05]

[0.00018260955810546874, 0.000389556884765625, 0.00014801025390625, 0.0003615093231201172, 0.0001726222038269043, 0.00038372039794921876, 0.0001582193374633789, 0.00034433841705322265, 0.0003367018699645996, 0.00019501924514770508]
[0.01624587059020996, 0.23475682020187377, 0.01460176944732666, 0.20772361278533935, 0.025324580669403077, 0.22873445034027098, 0.016814508438110352, 0.14822798013687133, 0.16623773336410522, 0.0363941502571106]
[8.401870727539062e-05, 0.00010136127471923828, 7.805824279785156e-05, 9.848117828369141e-05, 8.378267288208008e-05, 9.983062744140626e-05, 7.880210876464843e-05, 9.318113327026367e-05, 9.389877319335937e-05, 8.33892822265625e-05]

[0.00016272783279418945, 0.00029417037963867186, 0.00018714189529418944, 0.0003231382369995117, 0.00032664060592651367, 0.00032023906707763673, 0.0003071308135986328, 0.00022603988647460938, 0.00039212942123413087, 0.00033671140670776367]
[0.015192801952362061, 0.11120696067810058, 0.05079356908798218, 0.1976688599586487, 0.22232626914978026, 0.19405590772628784, 0.16451257944107056, 0.08331006050109863, 0.21995916128158569, 0.17835500240325927]
[8.624792098999023e-05, 9.334087371826172e-05, 8.184194564819336e-05, 9.909629821777343e-05, 9.799957275390625e-05, 9.60993766784668e-05, 0.00010909318923950195, 9.317874908447265e-05, 9.284019470214843e-05, 9.667158126831055e-05]